Magnon : 0.33480176211453744
Montparnasse : 0.4578313253012048
MmePontmercy : 0.3153526970954357
Child1 : 0.34234234234234234
Cosette : 0.4779874213836478
MmeThenardier : 0.46060606060606063
Zephine : 0.34080717488789236
Favourite : 0.34080717488789236
Woman2 : 0.4021164021164021
Bossuet : 0.475
Gribier : 0.2878787878787879
Grantaire : 0.3584905660377358
MmeBurgon : 0.3438914027149321
Gueulemer : 0.4634146341463415
Fauchelevent : 0.4021164021164021
Gillenormand : 0.4418604651162791
Feuilly : 0.3917525773195876
Boulatruelle : 0.34234234234234234
Bahorel : 0.39378238341968913
Tholomyes : 0.3917525773195876
Pontmercy : 0.37254901960784315
Isabeau : 0.39378238341968913
Napoleon : 0.30158730158730157
Champmathieu : 0.40425531914893614
Marguerite : 0.41304347826086957
MmeMagloire : 0.41304347826086957
Woman1 : 0.3958333333333333
Labarre : 0.39378238341968913
Geborand : 0.30158730158730157
Simplice : 0.4175824175824176
Cravatte : 0.30158730158730157
LtGillenormand : 0.36538461538461536
Brujon : 0.38
OldMan : 0.30158730158730157
BaronessT : 0.35185185185185186
Enjolras : 0.4810126582278481
Fameuil : 0.34080717488789236
Chenildieu : 0.40425531914893614
Claquesous : 0.4523809523809524
Toussaint : 0.4021164021164021
MlleGillenormand : 0.4418604651162791
Child2 : 0.34234234234234234
Perpetue : 0.3179916317991632
Javert : 0.5170068027210885
Thenardier : 0.5170068027210885
Fantine : 0.46060606060606063
Dahlia : 0.34080717488789236
Anzelma : 0.35185185185185186
Joly : 0.39378238341968913
MotherInnocent : 0.39790575916230364
MotherPlutarch : 0.2846441947565543
Jondrette : 0.25675675675675674
Babet : 0.4634146341463415
Bamatabois : 0.42696629213483145
Gavroche : 0.5135135135135135
Prouvaire : 0.3568075117370892
Eponine : 0.3958333333333333
Courfeyrac : 0.4
Gervais : 0.39378238341968913
Myriel : 0.4293785310734463
Brevet : 0.40425531914893614
MmeDeR : 0.39378238341968913
MlleBaptistine : 0.41304347826086957
Judge : 0.40425531914893614
Valjean : 0.6440677966101694
CountessDeLo : 0.30158730158730157
Scaufflaire : 0.39378238341968913
Champtercier : 0.30158730158730157
MlleVaubois : 0.3076923076923077
MmeHucheloup : 0.35348837209302325
Count : 0.30158730158730157
Marius : 0.5314685314685315
Mabeuf : 0.3958333333333333
Blacheville : 0.34080717488789236
Combeferre : 0.3917525773195876
Listolier : 0.34080717488789236
Cochepaille : 0.40425531914893614
